x_pos,y_pos,Magnitudue,Radians,Degrees,Dx,Dy,Length Change,Total dist Traveled,percent traveled,accurate angle,Delta Theta
438,217,0,0,0,0,0,0,0,0.0,102.80426606528675
438,214,3.0,1.5707963267948966,90.0,0,-3,3.0,3.0,0.004395300313689148,106.92751306414705,0.0719641752174973
436,205,9.219544457292887,1.7894652726688385,102.52880770915151,-2,-9,9.219544457292887,12.219544457292887,0.01790285586209264,110.22485943116808,0.05754950207316451
436,205,0.0,0.0,0.0,0,0,0.0,12.219544457292887,0.01790285586209264,110.22485943116808,0.0
435,200,5.0990195135927845,1.7681918866447774,101.30993247402021,-1,-5,5.0990195135927845,17.31856397088567,0.02537342988462645,112.83365417791754,0.04553201938022563
433,195,5.385164807134504,1.9513027039072615,111.80140948635182,-2,-5,5.385164807134504,22.703728778020174,0.03326323540664847,119.05460409907714,0.10857596701564327
431,191,4.47213595499958,2.0344439357957027,116.56505117707799,-2,-4,4.47213595499958,27.175864733019754,0.039815362261938526,125.8376529542783,0.11838643585006338
429,186,5.385164807134504,1.9513027039072615,111.80140948635182,-2,-5,5.385164807134504,32.56102954015426,0.04770516778396054,133.1523897340054,0.12766613288790477
427,181,5.385164807134504,1.9513027039072615,111.80140948635182,-2,-5,5.385164807134504,37.94619434728876,0.05559497330598255,142.59464336859145,0.1647982755326622
423,177,5.656854249492381,2.356194490192345,135.0,-4,-4,5.656854249492381,43.60304859678114,0.06388283105841178,150.25511870305778,0.1337004039222559
418,173,6.4031242374328485,2.4668517113662407,141.34019174590992,-5,-4,6.4031242374328485,50.00617283421399,0.07326404904820483,158.19859051364818,0.1386396200301818
414,170,5.0,2.498091544796509,143.13010235415598,-4,-3,5.0,55.00617283421399,0.08058954957102007,166.6075022462489,0.14676307227789512
410,168,4.47213595499958,2.677945044588987,153.434948822922,-4,-2,4.47213595499958,59.47830878921357,0.08714167642631014,172.23483398157467,0.09821538392434463
407,167,3.1622776601683795,2.819842099193151,161.565051177078,-3,-1,3.1622776601683795,62.64058644938195,0.09177472975688022,174.8055710922652,0.04486778888652393
402,165,5.385164807134504,2.761086276477428,158.19859051364818,-5,-2,5.385164807134504,68.02575125651646,0.09966453527890225,182.6022581235084,0.13607774450268478
398,165,4.0,3.141592653589793,180.0,-4,0,4.0,72.02575125651646,0.10552493569715445,187.12471226991036,0.07893164845441646
393,165,5.0,3.141592653589793,180.0,-5,0,5.0,77.02575125651646,0.11285043621996968,193.6266907809001,0.11348083705744594
388,165,5.0,3.141592653589793,180.0,-5,0,5.0,82.02575125651646,0.12017593674278493,195.94509182193144,0.040463697369409087
385,165,3.0,3.141592653589793,180.0,-3,0,3.0,85.02575125651646,0.12457123705647408,197.7443675460655,0.031403259012123805
380,166,5.0990195135927845,-2.9441970937399127,-168.6900675259798,-5,1,5.0990195135927845,90.12477077010924,0.1320418110790079,199.28974214019732,0.0269718520621034
374,168,6.324555320336759,-2.819842099193151,-161.565051177078,-6,2,6.324555320336759,96.449326090446,0.14130791774014806,200.22455535217665,0.01631555465901194
360,173,14.866068747318506,-2.79856871316909,-160.3461759419467,-14,5,14.866068747318506,111.3153948377645,0.16308819661628587,210.5789227934976,0.18071765116655286
355,175,5.385164807134504,-2.761086276477428,-158.19859051364818,-5,2,5.385164807134504,116.700559644899,0.17097800213830788,212.90493884399646,0.04059660424492602
349,179,7.211102550927978,-2.5535900500422257,-146.30993247402023,-6,4,7.211102550927978,123.91166219582698,0.18154298923968734,221.81986580114435,0.15559469655170122
338,186,13.038404810405298,-2.5748634360662868,-147.52880770915152,-11,7,13.038404810405298,136.95006700623227,0.2006455574907475,240.52380691776284,0.3264450798475416
334,191,6.4031242374328485,-2.2455372690184494,-128.6598082540901,-4,5,6.4031242374328485,143.35319124366512,0.21002677548054058,243.4346447439306,0.05080366114616856
330,196,6.4031242374328485,-2.2455372690184494,-128.6598082540901,-4,5,6.4031242374328485,149.75631548109797,0.21940799347033363,253.30045168701497,0.1721906690795803
327,202,6.708203932499369,-2.0344439357957027,-116.56505117707799,-3,6,6.708203932499369,156.46451941359734,0.22923618375326874,261.8695935668526,0.14955961354599476
325,209,7.280109889280518,-1.849095985800008,-105.94539590092286,-2,7,7.280109889280518,163.74462930287785,0.23990227351328408,267.39713371850877,0.09647369369467526
324,216,7.0710678118654755,-1.7126933813990606,-98.13010235415598,-1,7,7.0710678118654755,170.81569711474333,0.25026209570382063,269.9996959210086,0.0454232410541746
324,223,7.0,-1.5707963267948966,-90.0,0,7,7.0,177.81569711474333,0.26051779643576195,274.76333761173476,0.08314116166204664
324,231,8.0,-1.5707963267948966,-90.0,0,8,8.0,185.81569711474333,0.27223859727226635,279.4620181290342,0.08200737625746014
324,239,8.0,-1.5707963267948966,-90.0,0,8,8.0,193.81569711474333,0.28395939810877074,283.4954292018044,0.07039624384502308
326,247,8.246211251235321,-1.3258176636680326,-75.96375653207353,2,8,8.246211251235321,202.06190836597864,0.2960409230752046,283.4954292018044,0.0
328,255,8.246211251235321,-1.3258176636680326,-75.96375653207353,2,8,8.246211251235321,210.30811961721395,0.3081224480416384,287.7443675460655,0.07415790118304001
330,264,9.219544457292887,-1.3521273809209546,-77.47119229084849,2,9,9.219544457292887,219.52766407450684,0.32163000359004196,292.619560869049,0.08508810328639813
332,272,8.246211251235321,-1.3258176636680326,-75.96375653207353,2,8,8.246211251235321,227.77387532574215,0.3337115285564758,301.8271424976817,0.16070247982608968
336,280,8.94427190999916,-1.1071487177940904,-63.43494882292201,4,8,8.94427190999916,236.7181472357413,0.3468157822670559,303.68976344698837,0.03250884082295777
340,288,8.94427190999916,-1.1071487177940904,-63.43494882292201,4,8,8.94427190999916,245.66241914574044,0.35992003597763594,310.1006034672208,0.11189017166201155
350,301,16.401219466856727,-0.9151007005533605,-52.43140797117251,10,13,16.401219466856727,262.0636386125972,0.38394946433348925,323.97232253590494,0.2421069661610407
356,307,8.48528137423857,-0.7853981633974483,-45.0,6,6,8.48528137423857,270.54891998683576,0.3963812509621331,332.4468843442908,0.14790888128670562
364,313,10.0,-0.6435011087932844,-36.86989764584402,8,6,10.0,280.54891998683576,0.4110322520077636,342.34957170107845,0.1728343531845024
372,317,8.94427190999916,-0.4636476090008061,-26.56505117707799,8,4,8.94427190999916,289.4931918968349,0.4241365057183437,351.8695935668526,0.16615558607387435
379,319,7.280109889280518,-0.27829965900511133,-15.945395900922854,7,2,7.280109889280518,296.77330178611544,0.4348025954783591,365.0,0.2291686308128421
386,320,7.0710678118654755,-0.14189705460416394,-8.13010235415598,7,1,7.0710678118654755,303.8443695979809,0.44516241766889564,372.4314079711725,0.12970242760086595
393,320,7.0,0.0,0.0,7,0,7.0,310.8443695979809,0.45541811840083696,376.30993247402023,0.06769296551611854
401,319,8.06225774829855,0.12435499454676144,7.125016348901798,8,-1,8.06225774829855,318.9066273462795,0.46723013307088346,382.7446716250569,0.1123072898305854
409,317,8.246211251235321,0.24497866312686414,14.036243467926479,8,-2,8.246211251235321,327.1528385975148,0.47931165803731735,388.4985656759521,0.10042431117417618
418,315,9.219544457292887,0.21866894587394195,12.528807709151511,9,-2,9.219544457292887,336.3723830548077,0.49281921358572084,393.81079374297303,0.0927157920726242
426,311,8.94427190999916,0.4636476090008061,26.56505117707799,8,-4,8.94427190999916,345.31665496480684,0.5059234672963009,394.05460409907715,0.0042552898701841285
432,307,7.211102550927978,0.5880026035475675,33.690067525979785,6,-4,7.211102550927978,352.52775751573483,0.5164884543976804,401.86989764584405,0.13640248918659673
438,304,6.708203932499369,0.4636476090008061,26.56505117707799,6,-3,6.708203932499369,359.2359614482342,0.5263166446806155,417.1250163489018,0.26625182425743993
442,303,4.123105625617661,0.24497866312686414,14.036243467926479,4,-1,4.123105625617661,363.35906707385186,0.5323574071638324,424.5344550805401,0.129318992360709
444,301,2.8284271247461903,0.7853981633974483,45.0,2,-2,2.8284271247461903,366.1874941985981,0.536501336040047,430.77225468204585,0.10887004916719124
445,300,1.4142135623730951,0.7853981633974483,45.0,1,-1,1.4142135623730951,367.6017077609712,0.5385733004781543,432.16634582208246,0.02433145991459781
447,298,2.8284271247461903,0.7853981633974483,45.0,2,-2,2.8284271247461903,370.4301348857174,0.542717229354369,436.565051177078,0.07677182642333531
448,295,3.1622776601683795,1.2490457723982544,71.56505117707799,1,-3,3.1622776601683795,373.5924125458858,0.5473502826849391,436.565051177078,0.0
452,286,9.848857801796104,1.1525719972156676,66.03751102542182,4,-9,9.848857801796104,383.4412703476819,0.5617798452801772,444.2157021324374,0.13352893630470897
452,286,0.0,0.0,0.0,0,0,0.0,383.4412703476819,0.5617798452801772,444.2157021324374,0.0
453,281,5.0990195135927845,1.373400766945016,78.69006752597979,1,-5,5.0990195135927845,388.5402898612747,0.569250419302711,445.9097230791777,0.029566218144832464
455,274,7.280109889280518,1.2924966677897853,74.05460409907715,2,-7,7.280109889280518,395.8203997505552,0.5799165090627264,450.6012946450045,0.08188330175269883
456,265,9.055385138137417,1.460139105621001,83.6598082540901,1,-9,9.055385138137417,404.87578488869264,0.5931835547754702,452.7093899573615,0.03679317306859832
457,256,9.055385138137417,1.460139105621001,83.6598082540901,1,-9,9.055385138137417,413.93117002683005,0.606450600488214,459.5739212599009,0.11980857163747043
457,248,8.0,1.5707963267948966,90.0,0,-8,8.0,421.93117002683005,0.6181714013247184,463.74616226255523,0.07281928117516037
457,240,8.0,1.5707963267948966,90.0,0,-8,8.0,429.93117002683005,0.6298922021612228,466.0035408517495,0.039398655566815786
455,231,9.219544457292887,1.7894652726688385,102.52880770915151,-2,-9,9.219544457292887,439.15071448412294,0.6433997577096263,465.4914770123316,-0.008937192429316343
453,222,9.219544457292887,1.7894652726688385,102.52880770915151,-2,-9,9.219544457292887,448.37025894141584,0.6569073132580299,467.9946167919165,0.04368799388970068
450,204,18.24828759089466,1.7359450042095235,99.46232220802563,-3,-18,18.24828759089466,466.6185465323105,0.6836428813155462,471.6992442339936,0.06465789180975068
450,204,0.0,0.0,0.0,0,0,0.0,466.6185465323105,0.6836428813155462,471.6992442339936,0.0
447,196,8.54400374531753,1.9295669970654687,110.55604521958347,-3,-8,8.54400374531753,475.16255027762804,0.696160702096198,478.9624889745782,0.1267674280254062
445,189,7.280109889280518,1.849095985800008,105.94539590092286,-2,-7,7.280109889280518,482.4426601669086,0.7068267918562134,510.00797980144137,0.5418455751486946
444,184,5.0990195135927845,1.7681918866447774,101.30993247402021,-1,-5,5.0990195135927845,487.5416796805014,0.7142973658787473,561.6989401550022,0.9021766896507957
442,181,3.605551275463989,2.158798930342464,123.69006752597979,-2,-3,3.605551275463989,491.14723095596537,0.719579859429437,595.7102890585082,0.5936095200098082
441,180,1.4142135623730951,2.356194490192345,135.0,-1,-1,1.4142135623730951,492.5614445183385,0.7216518238675443,601.3096283950288,0.09772682481233072
440,178,2.23606797749979,2.0344439357957027,116.56505117707799,-1,-2,2.23606797749979,494.79751249583825,0.7249278872951893,614.7748364898405,0.23501201721433074
439,178,1.0,3.141592653589793,180.0,-1,0,1.0,495.79751249583825,0.7263929873997523,617.4741275472857,0.04711147662866223
438,178,1.0,3.141592653589793,180.0,-1,0,1.0,496.79751249583825,0.7278580875043154,620.2561330845379,0.04855511542097836
437,178,1.0,3.141592653589793,180.0,-1,0,1.0,497.79751249583825,0.7293231876088785,623.1110378813805,0.04982744644840544
436,178,1.0,3.141592653589793,180.0,-1,0,1.0,498.79751249583825,0.7307882877134415,625.272117369607,0.03771792060787504
436,180,2.0,-1.5707963267948966,-90.0,0,2,2.0,500.79751249583825,0.7337184879225676,624.6948494522426,-0.010075217313961047
436,181,1.0,-1.5707963267948966,-90.0,0,1,1.0,501.79751249583825,0.7351835880271307,624.3800406448535,-0.005494445562253132
435,182,1.4142135623730951,-2.356194490192345,-135.0,-1,1,1.4142135623730951,503.21172605821135,0.737255552465238,625.8373488752868,0.02543480535359489
434,187,5.0990195135927845,-1.7681918866447774,-101.30993247402021,-1,5,5.0990195135927845,508.31074557180415,0.7447261264877718,626.2535336584533,0.007263788627489136
434,187,0.0,0.0,0.0,0,0,0.0,508.31074557180415,0.7447261264877718,626.2535336584533,0.0
433,192,5.0990195135927845,-1.7681918866447774,-101.30993247402021,-1,5,5.0990195135927845,513.4097650853969,0.7521967005103055,626.8695935668526,0.010752264709044954
433,197,5.0,-1.5707963267948966,-90.0,0,5,5.0,518.4097650853969,0.7595222010331207,625.9094190001863,-0.01675819342718428
430,213,16.278820596099706,-1.7561442767905915,-100.61965527615514,-3,16,16.278820596099706,534.6885856814965,0.7833723027906295,626.5727268995279,0.01157689701940302
429,222,9.055385138137417,-1.6814535479687922,-96.3401917459099,-1,9,9.055385138137417,543.743970819634,0.7966393485033734,624.508218908677,-0.03603243143876214
427,232,10.198039027185569,-1.7681918866447774,-101.30993247402021,-2,10,10.198039027185569,553.9420098468196,0.811580496548441,628.1569225083776,0.06368183745435294
426,240,8.06225774829855,-1.695151321341658,-97.1250163489018,-1,8,8.06225774829855,562.0042675951181,0.8233925112184874,630.4257746611077,0.039598906858305874
424,249,9.219544457292887,-1.7894652726688385,-102.52880770915151,-2,9,9.219544457292887,571.223812052411,0.8369000667668909,637.2903059636471,0.11980857163747242
424,257,8.0,-1.5707963267948966,-90.0,0,8,8.0,579.223812052411,0.8486208676033953,641.8424693336395,0.07945017178630234
424,265,8.0,-1.5707963267948966,-90.0,0,8,8.0,587.223812052411,0.8603416684398997,649.6205699096403,0.13575334993643398
425,274,9.055385138137417,-1.460139105621001,-83.6598082540901,1,9,9.055385138137417,596.2791971905484,0.8736087141526435,659.2274412389627,0.1676713938860334
427,282,8.246211251235321,-1.3258176636680326,-75.96375653207353,2,8,8.246211251235321,604.5254084417837,0.8856902391190774,668.6897634469883,0.16514853791950682
430,288,6.708203932499369,-1.1071487177940904,-63.43494882292201,3,6,6.708203932499369,611.2336123742831,0.8955184294020125,678.667476067139,0.17414378994632856
434,294,7.211102550927978,-0.982793723247329,-56.309932474020215,4,6,7.211102550927978,618.4447149252111,0.906083416503392,681.735400509937,0.053545337501387895
439,300,7.810249675906654,-0.8760580505981934,-50.19442890773481,5,6,7.810249675906654,626.2549646011178,0.9175262141202264,685.5272360726648,0.06617995936394432
451,310,15.620499351813308,-0.6947382761967031,-39.80557109226519,12,10,15.620499351813308,641.8754639529311,0.9404118093538951,695.9450918219314,0.1818257302407703
456,314,6.4031242374328485,-0.6747409422235526,-38.65980825409009,5,4,6.4031242374328485,648.278588190364,0.9497930273436882,701.0372069464304,0.08887409974430358
461,317,5.830951894845301,-0.5404195002705842,-30.96375653207352,5,3,5.830951894845301,654.1095400852092,0.9583359555745281,710.2561330845379,0.1609004787012057
467,319,6.324555320336759,-0.3217505543966422,-18.43494882292201,6,2,6.324555320336759,660.434095405546,0.9676020622356684,732.8624052261117,0.39455354720692803
469,320,2.23606797749979,-0.4636476090008061,-26.56505117707799,2,1,2.23606797749979,662.6701633830459,0.9708781256633134,736.3401917459099,0.060698774181849054
471,321,2.23606797749979,-0.4636476090008061,-26.56505117707799,2,1,2.23606797749979,664.9062313605457,0.9741541890909585,740.6196552761552,0.07469066573324014
472,322,1.4142135623730951,-0.7853981633974483,-45.0,1,1,1.4142135623730951,666.3204449229188,0.9762261535290658,744.9314171781375,0.07525437818693691
474,322,2.0,0.0,0.0,2,0,2.0,668.3204449229188,0.979156353738192,747.1027289690524,0.037896507829000885
475,322,1.0,0.0,0.0,1,0,1.0,669.3204449229188,0.980621453842755,748.434948822922,0.02325160317065794
476,322,1.0,0.0,0.0,1,0,1.0,670.3204449229188,0.982086553947318,749.9831065219,0.02702042636406835
477,322,1.0,0.0,0.0,1,0,1.0,671.3204449229188,0.983551654051881,751.8014094863518,0.03173534672273287
478,322,1.0,0.0,0.0,1,0,1.0,672.3204449229188,0.9850167541564442,753.9624889745782,0.03771792060787305
479,322,1.0,0.0,0.0,1,0,1.0,673.3204449229188,0.9864818542610072,756.565051177078,0.0454232410541746
480,322,1.0,0.0,0.0,1,0,1.0,674.3204449229188,0.9879469543655702,759.7448812969423,0.05549845836813564
481,321,1.4142135623730951,0.7853981633974483,45.0,1,-1,1.4142135623730951,675.7346584852919,0.9900189188036775,756.565051177078,-0.05549845836813564
483,320,2.23606797749979,0.4636476090008061,26.56505117707799,2,-1,2.23606797749979,677.9707264627917,0.9932949822313226,756.565051177078,0.0
484,319,1.4142135623730951,0.7853981633974483,45.0,1,-1,1.4142135623730951,679.3849400251648,0.9953669466694299,748.434948822922,-0.14189693474884885
487,318,3.1622776601683795,0.3217505543966422,18.43494882292201,3,-1,3.1622776601683795,682.5472176853332,1.0,730.0,-0.32175028262557553
