x_pos,y_pos,Magnitudue,Radians,Degrees,Dx,Dy,Length Change,Total dist Traveled,percent traveled,accurate angle,Delta Theta
476,213,0,0,0,0,0,0,0,0.0,127.87498365109822
475,212,1.4142135623730951,2.356194490192345,135.0,-1,-1,1.4142135623730951,1.4142135623730951,0.0020683371773236297,127.40535663140857,-0.008196530826593435
473,210,2.8284271247461903,2.356194490192345,135.0,-2,-2,2.8284271247461903,4.242640687119286,0.006205011531970889,127.69424046668917,0.00504196982266212
472,207,3.1622776601683795,1.892546881191539,108.43494882292202,-1,-3,3.1622776601683795,7.404918347287666,0.010829954060856562,130.10090754621226,0.04200422905754967
470,204,3.605551275463989,2.158798930342464,123.69006752597979,-2,-3,3.605551275463989,11.010469622751655,0.016103199874787866,131.18592516570965,0.018937113906871188
467,201,4.242640687119285,2.356194490192345,135.0,-3,-3,4.242640687119285,15.25311030987094,0.022308211406758757,138.9909130984298,0.1362226224419681
465,199,2.8284271247461903,2.356194490192345,135.0,-2,-2,2.8284271247461903,18.081537434617132,0.026444885761406016,139.39870535499554,0.007117311529468961
462,195,5.0,2.214297435588181,126.86989764584402,-3,-4,5.0,23.081537434617132,0.03375756198073492,142.12501634890182,0.04758306308525574
456,188,9.219544457292887,2.279422598922567,130.6012946450045,-6,-7,9.219544457292887,32.301081891910016,0.04724147068191318,150.94539590092285,0.15394453442685405
444,181,13.892443989449804,2.6135182051634334,149.74356283647072,-12,-7,13.892443989449804,46.19352588135982,0.06755965963991485,163.49563861824498,0.2190428723239558
438,178,6.708203932499369,2.677945044588987,153.434948822922,-6,-3,6.708203932499369,52.90172981385919,0.07737064431423421,166.6075022462489,0.05431222030611594
433,176,5.385164807134504,2.761086276477428,158.19859051364818,-5,-2,5.385164807134504,58.28689462099369,0.08524663763869408,172.8749836510982,0.1093880939258916
426,174,7.280109889280518,2.8632929945846817,164.05460409907712,-7,-2,7.280109889280518,65.56700451027422,0.09589405493098266,175.42607874009914,0.04452497122585809
417,173,9.055385138137417,3.0309354324158977,173.6598082540901,-9,-1,9.055385138137417,74.62238964841163,0.10913787484228703,177.6140559696112,0.03818737435812658
409,173,8.0,3.141592653589793,180.0,-8,0,8.0,82.62238964841163,0.12083815679321327,177.6140559696112,0.0
401,172,8.06225774829855,3.017237659043032,172.8749836510982,-8,-1,8.06225774829855,90.68464739671018,0.13262949289522988,182.48924884300772,0.08508809543963197
393,172,8.0,3.141592653589793,180.0,-8,0,8.0,98.68464739671018,0.14432977484615614,187.7648619394339,0.09207674082000854
385,172,8.0,3.141592653589793,180.0,-8,0,8.0,106.68464739671018,0.15603005679708237,194.03593938893505,0.10945085669210175
378,173,7.0710678118654755,-2.999695598985629,-171.86989764584402,-7,1,7.0710678118654755,113.75571520857565,0.16637174268370053,198.4346447439306,0.0767718264233358
371,175,7.280109889280518,-2.8632929945846817,-164.05460409907712,-7,2,7.280109889280518,121.03582509785618,0.1770191599759891,203.49826159696065,0.0883767114961705
365,177,6.324555320336759,-2.819842099193151,-161.565051177078,-6,2,6.324555320336759,127.36038041819293,0.18626904503376043,209.47558492425432,0.10432388439884742
360,179,5.385164807134504,-2.761086276477428,-158.19859051364818,-5,2,5.385164807134504,132.74554522532745,0.19414503835822033,211.42926153584708,0.034098060590076015
354,181,6.324555320336759,-2.819842099193151,-161.565051177078,-6,2,6.324555320336759,139.07010054566422,0.2033949234159917,221.42336154601122,0.17442980361628654
348,185,7.211102550927978,-2.5535900500422257,-146.30993247402023,-6,4,7.211102550927978,146.2812030965922,0.21394141504385433,230.52723607266475,0.1588924509677192
342,190,7.810249675906654,-2.44685437739309,-140.19442890773482,-6,5,7.810249675906654,154.09145277249885,0.2253641804582591,240.94509182193144,0.18182573024077084
337,196,7.810249675906654,-2.2655346029916,-129.8055710922652,-5,6,7.810249675906654,161.9017024484055,0.23678694587266386,249.7748364898405,0.15410798639586915
334,202,6.708203932499369,-2.0344439357957027,-116.56505117707799,-3,6,6.708203932499369,168.60990638090487,0.24659793054698323,256.6071981672575,0.1192471062342021
332,208,6.324555320336759,-1.892546881191539,-108.43494882292202,-2,6,6.324555320336759,174.93446170124164,0.25584781560475456,257.7349221931162,0.01968248067998569
330,215,7.280109889280518,-1.849095985800008,-105.94539590092286,-2,7,7.280109889280518,182.21457159052216,0.26649523289704313,260.53737371298297,0.048911964834990655
329,223,8.06225774829855,-1.695151321341658,-97.1250163489018,-1,8,8.06225774829855,190.2768293388207,0.27828656899905974,262.87467957210674,0.040793648410914755
327,231,8.246211251235321,-1.8157749899217608,-104.03624346792648,-2,8,8.246211251235321,198.523040590056,0.2903469435823539,267.6137518906197,0.08271234558398419
326,239,8.06225774829855,-1.695151321341658,-97.1250163489018,-1,8,8.06225774829855,206.58529833835456,0.3021382796843705,272.4892488430077,0.08509340261473684
326,247,8.0,-1.5707963267948966,-90.0,0,8,8.0,214.58529833835456,0.3138385616352968,278.12979827516455,0.09844607605871988
326,255,8.0,-1.5707963267948966,-90.0,0,8,8.0,222.58529833835456,0.32553884358622304,284.03593938893505,0.1030815214533904
327,262,7.0710678118654755,-1.4288992721907328,-81.86989764584403,1,7,7.0710678118654755,229.65636615022004,0.33588052947284114,290.22455535217665,0.10801163346644546
329,268,6.324555320336759,-1.2490457723982544,-71.56505117707799,2,6,6.324555320336759,235.9809214705568,0.3451304145306125,295.3458718629553,0.08938375965053902
331,275,7.280109889280518,-1.2924966677897853,-74.05460409907715,2,7,7.280109889280518,243.26103135983732,0.35577783182290107,302.9049388439965,0.13193049576094035
334,281,6.708203932499369,-1.1071487177940904,-63.43494882292201,3,6,6.708203932499369,249.9692352923367,0.3655888164972204,313.2639913320802,0.18079942058910495
338,287,7.211102550927978,-0.982793723247329,-56.309932474020215,4,6,7.211102550927978,257.1803378432647,0.37613530812508306,319.63515934791127,0.11119776514919302
342,292,6.4031242374328485,-0.8960553845713439,-51.34019174590991,4,5,6.4031242374328485,263.58346208069753,0.3855001029931798,323.12979827516455,0.06099290393038679
350,298,10.0,-0.6435011087932844,-36.86989764584402,8,6,10.0,273.58346208069753,0.40012545543183764,330.94509182193144,0.13640248918659673
358,304,10.0,-0.6435011087932844,-36.86989764584402,8,6,10.0,283.58346208069753,0.4147508078704954,345.9634524530821,0.26211961986231413
368,308,10.770329614269007,-0.3805063771123649,-21.80140948635181,10,4,10.770329614269007,294.35379169496656,0.4305027945194152,353.41775126583053,0.13010194781745774
377,310,9.219544457292887,-0.21866894587394195,-12.528807709151511,9,2,9.219544457292887,303.57333615225946,0.4439867032205935,357.70908587837005,0.07489785503004452
386,311,9.055385138137417,-0.11065722117389565,-6.34019174590991,9,1,9.055385138137417,312.62872129039687,0.4572305231318979,369.9697407281103,0.21398861482997505
394,311,8.0,0.0,0.0,8,0,8.0,320.62872129039687,0.46893080508282414,375.7842978675626,0.10148308090962178
402,311,8.0,0.0,0.0,8,0,8.0,328.62872129039687,0.48063108703375035,385.22485943116806,0.16476874334781813
409,309,7.280109889280518,0.27829965900511133,15.945395900922854,7,-2,7.280109889280518,335.9088311796774,0.491278504326039,391.565051177078,0.1106571277057397
415,307,6.324555320336759,0.3217505543966422,18.43494882292201,6,-2,6.324555320336759,342.23338650001415,0.5005283893838103,402.40535663140855,0.18919886229039104
421,304,6.708203932499369,0.4636476090008061,26.56505117707799,6,-3,6.708203932499369,348.9415904325135,0.5103393740581297,411.8476102659946,0.1647982755326622
427,301,6.708203932499369,0.4636476090008061,26.56505117707799,6,-3,6.708203932499369,355.6497943650129,0.520150358732449,426.18920625702697,0.250307858608152
429,299,2.8284271247461903,0.7853981633974483,45.0,2,-2,2.8284271247461903,358.4782214897591,0.5242870330870963,428.434948822922,0.03919556881994584
432,294,5.830951894845301,1.0303768265243125,59.03624346792648,3,-5,5.830951894845301,364.30917338460443,0.5328150057385935,430.77225468204585,0.04079364841091575
436,288,7.211102550927978,0.982793723247329,56.309932474020215,4,-6,7.211102550927978,371.5202759355324,0.5433614973664561,431.8014094863518,0.01796212467588646
438,281,7.280109889280518,1.2924966677897853,74.05460409907715,2,-7,7.280109889280518,378.80038582481296,0.5540089146587448,429.5366549381284,-0.03952739022862925
441,274,7.615773105863909,1.1659045405098132,66.80140948635182,3,-7,7.615773105863909,386.4161589306769,0.5651472512353559,430.77225468204585,0.021565265552742793
448,260,15.652475842498529,1.1071487177940904,63.43494882292201,7,-14,15.652475842498529,402.0686347731754,0.5880395488087677,435.82099197418927,0.08811701438680461
450,254,6.324555320336759,1.2490457723982544,71.56505117707799,2,-6,6.324555320336759,408.39319009351215,0.5972894338665391,436.565051177078,0.012986271951128512
452,248,6.324555320336759,1.2490457723982544,71.56505117707799,2,-6,6.324555320336759,414.7177454138489,0.6065393189243103,437.89727103094765,0.02325160317065794
454,243,5.385164807134504,1.1902899496825317,68.19859051364818,2,-5,5.385164807134504,420.1029102209834,0.6144153122487702,439.05460409907715,0.020199255519472034
456,237,6.324555320336759,1.2490457723982544,71.56505117707799,2,-6,6.324555320336759,426.42746554132015,0.6236651973065416,445.5376777919744,0.11315088601593878
458,230,7.280109889280518,1.2924966677897853,74.05460409907715,2,-7,7.280109889280518,433.7075754306007,0.6343126145988301,452.6140559696112,0.12350599399489993
460,222,8.246211251235321,1.3258176636680326,75.96375653207353,2,-8,8.246211251235321,441.953786681836,0.6463729891821244,459.76364169072616,0.12478370558665353
460,213,9.0,1.5707963267948966,90.0,0,-9,9.0,450.953786681836,0.6595358063769164,465.304846468766,0.09671218621467904
459,206,7.0710678118654755,1.7126933813990606,98.13010235415598,-1,-7,7.0710678118654755,458.02485449370147,0.6698774922635345,466.30993247402023,0.0175420452402588
458,198,8.06225774829855,1.695151321341658,97.1250163489018,-1,-8,8.06225774829855,466.087112242,0.6816688283655511,471.92751306414704,0.09804519447853596
456,191,7.280109889280518,1.849095985800008,105.94539590092286,-2,-7,7.280109889280518,473.3672221312805,0.6923162456578397,475.22485943116806,0.05754950207316427
455,186,5.0990195135927845,1.7681918866447774,101.30993247402021,-1,-5,5.0990195135927845,478.4662416448733,0.6997737414056285,518.434948822922,0.7541576929568907
453,180,6.324555320336759,1.892546881191539,108.43494882292202,-2,-6,6.324555320336759,484.79079696521006,0.7090236264633998,579.9917161195672,1.0743673587303746
451,175,5.385164807134504,1.9513027039072615,111.80140948635182,-2,-5,5.385164807134504,490.1759617723446,0.7168996197878598,601.3096283950288,0.3720674445859299
450,174,1.4142135623730951,2.356194490192345,135.0,-1,-1,1.4142135623730951,491.5901753347177,0.7189679569651833,611.0372069464304,0.16977813056276564
449,173,1.4142135623730951,2.356194490192345,135.0,-1,-1,1.4142135623730951,493.0043888970908,0.721036294142507,614.7748364898405,0.0652338866515651
449,172,1.0,1.5707963267948966,90.0,0,-1,1.0,494.0043888970908,0.7224988293863728,615.7096497018198,0.016315554659011446
447,175,3.605551275463989,-2.158798930342464,-123.69006752597979,-2,3,3.605551275463989,497.6099401725548,0.7277720752003041,622.7349221931162,0.12261403225517684
445,181,6.324555320336759,-1.892546881191539,-108.43494882292202,-2,6,6.324555320336759,503.93449549289153,0.7370219602580754,626.8695935668526,0.07216356800564759
443,187,6.324555320336759,-1.892546881191539,-108.43494882292202,-2,6,6.324555320336759,510.25905081322827,0.7462718453158468,632.1372906948968,0.09193858122495822
442,192,5.0990195135927845,-1.7681918866447774,-101.30993247402021,-1,5,5.0990195135927845,515.358070326821,0.7537293410636354,634.9996959210087,0.049958353523892614
442,198,6.0,-1.5707963267948966,-90.0,0,6,6.0,521.358070326821,0.7625045525268301,634.9996959210087,0.0
442,202,4.0,-1.5707963267948966,-90.0,0,4,4.0,525.358070326821,0.7683546935022932,637.6022581235084,0.045423241054172614
442,207,5.0,-1.5707963267948966,-90.0,0,5,5.0,530.358070326821,0.7756673697216222,642.431103892181,0.08427918654669037
442,213,6.0,-1.5707963267948966,-90.0,0,6,6.0,536.358070326821,0.7844425811848169,646.3096283950288,0.06769296551611954
442,218,5.0,-1.5707963267948966,-90.0,0,5,5.0,541.358070326821,0.7917552574041458,649.035939388935,0.04758306308525574
443,224,6.082762530298219,-1.4056476493802699,-80.53767779197439,1,6,6.082762530298219,547.4408328571192,0.800651511984773,658.1982864346568,0.15991298808538296
445,230,6.324555320336759,-1.2490457723982544,-71.56505117707799,2,6,6.324555320336759,553.765388177456,0.8099013970425445,662.4741275472857,0.07462744267235427
447,238,8.246211251235321,-1.3258176636680326,-75.96375653207353,2,8,8.246211251235321,562.0115994286913,0.8219617716258386,667.9049388439964,0.09478545812018663
452,245,8.602325267042627,-0.9505468408120752,-54.46232220802562,5,7,8.602325267042627,570.6139246957339,0.8345429755080855,665.068278742871,-0.04950901670608086
458,255,11.661903789690601,-1.0303768265243125,-59.03624346792648,6,10,11.661903789690601,582.2758284854245,0.85159892081108,670.8373488752868,0.10068918354053377
463,264,10.295630140987,-1.0636978224025597,-60.94539590092286,5,9,10.295630140987,592.5714586264115,0.8666566427500804,676.8198658011444,0.1044145297172493
471,273,12.041594578792296,-0.844153986113171,-48.366460663429805,8,9,12.041594578792296,604.6130532052039,0.8842678992139072,681.6362729626253,0.08406209208020476
480,283,13.45362404707371,-0.83798122500839,-48.01278750418334,9,10,13.45362404707371,618.0666772522776,0.9039442985404728,686.7095327287655,0.08854501193726803
489,290,11.40175425099138,-0.6610431688506869,-37.874983651098205,9,7,11.40175425099138,629.468431503269,0.9206197659744442,688.1297982751646,0.024788289099511706
499,298,12.806248474865697,-0.6747409422235526,-38.65980825409009,10,8,12.806248474865697,642.2746799781347,0.9393493557106377,687.5943392895999,-0.00934551441366735
509,305,12.206555615733702,-0.6107259643892086,-34.99202019855866,10,7,12.206555615733702,654.4812355938684,0.957201873504856,688.1297982751646,0.00934551441366735
516,311,9.219544457292887,-0.7086262721276703,-40.60129464500447,7,6,9.219544457292887,663.7007800511612,0.9706857822060342,690.4911729333402,0.0412137278465434
522,315,7.211102550927978,-0.5880026035475675,-33.690067525979785,6,4,7.211102550927978,670.9118826020892,0.9812322738338968,690.0076757224499,-0.008438611126448817
525,317,3.605551275463989,-0.5880026035475675,-33.690067525979785,3,2,3.605551275463989,674.5174338775532,0.9865055196478282,689.4620181290343,-0.009523513549436652
528,318,3.1622776601683795,-0.3217505543966422,-18.43494882292201,3,1,3.1622776601683795,677.6797115377216,0.9911304621767137,679.9996959210087,-0.16514853791950682
529,320,2.23606797749979,-1.1071487177940904,-63.43494882292201,1,2,2.23606797749979,679.9157795152214,0.9944007904014869,691.3096283950288,0.19739539311698254
530,321,1.4142135623730951,-0.7853981633974483,-45.0,1,1,1.4142135623730951,681.3299930775945,0.9964691275788106,698.4346447439306,0.12435488950859105
531,322,1.4142135623730951,-0.7853981633974483,-45.0,1,1,1.4142135623730951,682.7442066399676,0.9985374647561343,730.0,0.5509189134384177
532,322,1.0,0.0,0.0,1,0,1.0,683.7442066399676,1.0,730.0,0.0
