x_pos,y_pos,Magnitudue,Radians,Degrees,Dx,Dy,Length Change,Total dist Traveled,percent traveled,accurate angle,Delta Theta
470,260,0,0,0,0,0,0,0,0.0,133.1523897340054
469,259,1.4142135623730951,2.356194490192345,135.0,-1,-1,1.4142135623730951,1.4142135623730951,0.002164027272057316,133.02506598911802,-0.002222216687226307
468,258,1.4142135623730951,2.356194490192345,135.0,-1,-1,1.4142135623730951,2.8284271247461903,0.004328054544114632,132.87890360333856,-0.002551012719671668
466,256,2.8284271247461903,2.356194490192345,135.0,-2,-2,2.8284271247461903,5.656854249492381,0.008656109088229265,138.57633437499737,0.09943884187742011
465,255,1.4142135623730951,2.356194490192345,135.0,-1,-1,1.4142135623730951,7.0710678118654755,0.01082013636028658,138.81407483429035,0.004149350275056837
461,248,8.06225774829855,2.0899424410414196,119.74488129694222,-4,-7,8.06225774829855,15.133325560164025,0.02315698993450697,153.434948822922,0.2551821750774738
461,248,0.0,0.0,0.0,0,0,0.0,15.133325560164025,0.02315698993450697,153.434948822922,0.0
457,247,4.123105625617661,2.896613990462929,165.96375653207352,-4,-1,4.123105625617661,19.256431185781686,0.029466159395756728,152.24145939893998,-0.020830302441598107
455,244,3.605551275463989,2.158798930342464,123.69006752597979,-2,-3,3.605551275463989,22.861982461245674,0.03498336803984033,160.8209919741893,0.14974096523931943
449,241,6.708203932499369,2.677945044588987,153.434948822922,-6,-3,6.708203932499369,29.570186393745043,0.04524825068747329,167.7352262721076,0.12067605182220661
443,239,6.324555320336759,2.819842099193151,161.565051177078,-6,-2,6.324555320336759,35.8947417140818,0.05492607485844047,172.56859202882748,0.084358075153631
438,237,5.385164807134504,2.761086276477428,158.19859051364818,-5,-2,5.385164807134504,41.279906521216304,0.06316644520788554,177.6140559696112,0.08805988367625958
432,236,6.082762530298219,2.976443976175166,170.53767779197437,-6,-1,6.082762530298219,47.36266905151452,0.07247427844837953,180.0,0.04164254392460638
426,236,6.0,3.141592653589793,180.0,-6,0,6.0,53.36266905151452,0.08165546860084565,184.57361718090945,0.07982461110762958
420,236,6.0,3.141592653589793,180.0,-6,0,6.0,59.36266905151452,0.09083665875331177,188.74585818356377,0.07281928117515986
414,236,6.0,3.141592653589793,180.0,-6,0,6.0,65.36266905151453,0.1000178489057779,191.30962839502877,0.04474619365909069
408,236,6.0,3.141592653589793,180.0,-6,0,6.0,71.36266905151453,0.10919903905824403,200.8541539605869,0.1665832559527876
401,238,7.280109889280518,-2.8632929945846817,-164.05460409907712,-7,2,7.280109889280518,78.64277894079505,0.12033905126229963,200.22455535217665,-0.010988559401086395
394,240,7.280109889280518,-2.8632929945846817,-164.05460409907712,-7,2,7.280109889280518,85.92288883007558,0.1314790634663552,203.49826159696065,0.057136904453060834
387,244,8.06225774829855,-2.62244653934327,-150.25511870305778,-7,4,8.06225774829855,93.98514657837413,0.1438159170405756,201.80110540736038,-0.029620938409368296
382,245,5.0990195135927845,-2.9441970937399127,-168.6900675259798,-5,1,5.0990195135927845,99.0841660919669,0.15161842833148073,209.05430002008572,0.12659202035217662
376,247,6.324555320336759,-2.819842099193151,-161.565051177078,-6,2,6.324555320336759,105.40872141230366,0.1612962525024479,221.1856210867182,0.21173131638734433
371,250,5.830951894845301,-2.601173153319209,-149.03624346792648,-5,3,5.830951894845301,111.23967330714896,0.17021876552185744,231.3398876669185,0.17722523525384096
367,252,4.47213595499958,-2.677945044588987,-153.434948822922,-4,2,4.47213595499958,115.71180926214853,0.1770620206202794,248.6290736516654,0.30175296554345044
365,253,2.23606797749979,-2.677945044588987,-153.434948822922,-2,1,2.23606797749979,117.94787723964832,0.1804836481694904,252.34957170107845,0.06493488592808615
364,255,2.23606797749979,-2.0344439357957027,-116.56505117707799,-1,2,2.23606797749979,120.1839452171481,0.18390527571870138,253.30045168701497,0.01659597252787958
361,259,5.0,-2.214297435588181,-126.86989764584402,-3,4,5.0,125.1839452171481,0.19155626751242313,259.215398053446,0.10323520197397801
360,261,2.23606797749979,-2.0344439357957027,-116.56505117707799,-1,2,2.23606797749979,127.4200131946479,0.19497789506163413,263.15692250837765,0.06879252117982627
359,265,4.123105625617661,-1.8157749899217608,-104.03624346792648,-1,4,4.123105625617661,131.54311882026556,0.2012870645228839,264.55936389000306,0.0244771990005587
358,269,4.123105625617661,-1.8157749899217608,-104.03624346792648,-1,4,4.123105625617661,135.66622444588322,0.20759623398413363,272.04510440989577,0.1306507086660542
358,275,6.0,-1.5707963267948966,-90.0,0,6,6.0,141.66622444588322,0.21677742413659976,272.60225812350836,0.009724158528601026
357,280,5.0990195135927845,-1.7681918866447774,-101.30993247402021,-1,5,5.0990195135927845,146.765243959476,0.22457993542750487,284.62056990964027,0.20975893402330067
357,286,6.0,-1.5707963267948966,-90.0,0,6,6.0,152.765243959476,0.233761125579971,299.47558492425435,0.25926870344311914
359,297,11.180339887498949,-1.3909428270024184,-79.69515353123397,2,11,11.180339887498949,163.94558384697496,0.25086926332602594,311.98690841682526,0.21836360428347693
363,303,7.211102550927978,-0.982793723247329,-56.309932474020215,4,6,7.211102550927978,171.15668639790294,0.26190368061419317,314.9996959210086,0.05258301719592959
370,309,9.219544457292887,-0.7086262721276703,-40.60129464500447,7,6,9.219544457292887,180.37623085519584,0.2760114124111134,319.9694366491189,0.08673826541124481
377,317,10.63014581273465,-0.8519663271732721,-48.81407483429036,7,8,10.63014581273465,191.00637666793048,0.29227764408697304,324.16204296673027,0.07317472267413715
383,323,8.48528137423857,-0.7853981633974483,-45.0,6,6,8.48528137423857,199.49165804216906,0.305261807719317,333.43464474393056,0.1618372945401926
395,330,13.892443989449804,-0.5280744484263596,-30.256437163529263,12,7,13.892443989449804,213.38410203161888,0.32652000271092096,341.56474709808657,0.14189693474884987
401,332,6.324555320336759,-0.3217505543966422,-18.43494882292201,6,2,6.324555320336759,219.70865735195565,0.33619782688188815,343.4953345392536,0.03369507888497697
407,334,6.324555320336759,-0.3217505543966422,-18.43494882292201,6,2,6.324555320336759,226.03321267229242,0.34587565105285534,344.0543000200857,0.00975577980515201
412,336,5.385164807134504,-0.3805063771123649,-21.80140948635181,5,2,5.385164807134504,231.41837747942694,0.3541160214023004,347.4708882118571,0.05963066276326141
419,338,7.280109889280518,-0.27829965900511133,-15.945395900922854,7,2,7.280109889280518,238.69848736870745,0.365256033606356,348.68976344698837,0.021273368055200657
428,340,9.219544457292887,-0.21866894587394195,-12.528807709151511,9,2,9.219544457292887,247.91803182600034,0.3793637654032762,350.53737371298297,0.032246855197477706
439,342,11.180339887498949,-0.17985349979247828,-10.304846468766033,11,2,11.180339887498949,259.0983717134993,0.3964719031493312,350.9094190001863,0.006493409743472667
452,344,13.152946437965905,-0.15264932839526515,-8.74616226255521,13,2,13.152946437965905,272.2513181514652,0.416598520201359,349.1141688663498,-0.03133299926644074
464,346,12.165525060596439,-0.16514867741462683,-9.462322208025617,12,2,12.165525060596439,284.4168432120617,0.435214186682347,351.5727268995279,0.042909896285843754
478,349,14.317821063276353,-0.21109333322274654,-12.094757077012101,14,3,14.317821063276353,298.73466427533805,0.4571232929741678,357.5101429990094,0.10362737246650114
491,350,13.038404810405298,-0.07677189126977804,-4.398705354995532,13,1,13.038404810405298,311.7730690857434,0.47707463861569455,371.581944655178,0.24559906313890376
501,350,10.0,0.0,0.0,10,0,10.0,321.7730690857434,0.4923766222031381,377.80426606528675,0.10859990399324189
510,349,9.055385138137417,0.11065722117389565,6.34019174590991,9,-1,9.055385138137417,330.8284542238808,0.506233157679314,389.44395478041656,0.2031507203920258
517,347,7.280109889280518,0.27829965900511133,15.945395900922854,7,-2,7.280109889280518,338.1085641131613,0.5173731698833696,396.4295656148385,0.12192180634062026
523,345,6.324555320336759,0.3217505543966422,18.43494882292201,6,-2,6.324555320336759,344.43311943349806,0.5270509940543368,417.1250163489018,0.36120345039792157
528,343,5.385164807134504,0.3805063771123649,21.80140948635181,5,-2,5.385164807134504,349.8182842406326,0.5352913644037819,430.55604521958344,0.2344154777213597
532,339,5.656854249492381,0.7853981633974483,45.0,4,-4,5.656854249492381,355.47513849012495,0.5439474734920111,442.0053832080835,0.1998284762849553
535,336,4.242640687119285,0.7853981633974483,45.0,3,-3,4.242640687119285,359.7177791772442,0.550439555308183,447.5685920288275,0.09709622888422798
536,332,4.123105625617661,1.3258176636680326,75.96375653207353,1,-4,4.123105625617661,363.84088480286186,0.5567487247694327,452.7974018382342,0.09125987005074437
537,327,5.0990195135927845,1.373400766945016,78.69006752597979,1,-5,5.0990195135927845,368.93990431645466,0.5645512360603379,455.0,0.038442557550121575
538,321,6.082762530298219,1.4056476493802699,80.53767779197439,1,-6,6.082762530298219,375.0226668467529,0.5738590693008319,463.13010235415595,0.14189693474884885
538,313,8.0,1.5707963267948966,90.0,0,-8,8.0,383.0226668467529,0.5861006561707867,469.0362434679265,0.10308152145339139
537,306,7.0710678118654755,1.7126933813990606,98.13010235415598,-1,-7,7.0710678118654755,390.09373465861836,0.5969207925310733,475.22485943116806,0.10801163346644448
535,300,6.324555320336759,1.892546881191539,108.43494882292202,-2,-6,6.324555320336759,396.4182899789551,0.6065986167020404,480.3461759419467,0.08938375965053902
533,293,7.280109889280518,1.849095985800008,105.94539590092286,-2,-7,7.280109889280518,403.69839986823564,0.6177386289060961,487.0053832080835,0.11622499419568226
530,287,6.708203932499369,2.0344439357957027,116.56505117707799,-3,-6,6.708203932499369,410.406603800735,0.628003511553729,488.69006752597977,0.029403263368109434
526,281,7.211102550927978,2.158798930342464,123.69006752597979,-4,-6,7.211102550927978,417.617706351663,0.6390379288418963,490.3112134396332,0.028294309949302765
523,276,5.830951894845301,2.1112158270654806,120.96375653207352,-3,-5,5.830951894845301,423.44865824650833,0.6479604418613059,491.3843518158359,0.01872978217385873
518,269,8.602325267042627,2.191045812777718,125.53767779197437,-5,-7,8.602325267042627,432.05098351355093,0.6611237058663195,492.40535663140855,0.017819880658638522
509,257,15.0,2.214297435588181,126.86989764584402,-9,-12,15.0,447.05098351355093,0.6840766812474849,512.9946167919165,0.3593500768202794
509,257,0.0,0.0,0.0,0,0,0.0,447.05098351355093,0.6840766812474849,512.9946167919165,0.0
505,252,6.4031242374328485,2.2455372690184494,128.6598082540901,-4,-5,6.4031242374328485,453.4541077509838,0.6938747314464407,541.1859251657097,0.4920307359668048
502,250,3.605551275463989,2.5535900500422257,146.30993247402023,-3,-2,3.605551275463989,457.0596590264478,0.6993919400905244,564.6535199790619,0.40958645105377306
499,248,3.605551275463989,2.5535900500422257,146.30993247402023,-3,-2,3.605551275463989,460.66521030191177,0.704909148734608,585.2360542302824,0.3592326876571771
498,247,1.4142135623730951,2.356194490192345,135.0,-1,-1,1.4142135623730951,462.0794238642849,0.7070731760066653,589.9996959210085,0.08314116166204566
497,246,1.4142135623730951,2.356194490192345,135.0,-1,-1,1.4142135623730951,463.493637426658,0.7092372032787226,602.0944529980206,0.21109315491983588
496,246,1.0,3.141592653589793,180.0,-1,0,1.0,464.493637426658,0.710767401637467,604.5341510015487,0.042580726949465186
494,246,2.0,3.141592653589793,180.0,-2,0,2.0,466.493637426658,0.7138277983549557,609.7985722755335,0.09188140683409939
493,247,1.4142135623730951,-2.356194490192345,-135.0,-1,1,1.4142135623730951,467.9078509890311,0.715991825627013,617.3495717010785,0.1317896904738773
492,247,1.0,3.141592653589793,180.0,-1,0,1.0,468.9078509890311,0.7175220239857574,619.7445772179508,0.04180069656528229
492,248,1.0,-1.5707963267948966,-90.0,0,1,1.0,469.9078509890311,0.7190522223445017,619.0543000200857,-0.012047599678004676
491,249,1.4142135623730951,-2.356194490192345,-135.0,-1,1,1.4142135623730951,471.3220645514042,0.7212162496165591,620.963452453082,0.033320967733204344
490,251,2.23606797749979,-2.0344439357957027,-116.56505117707799,-1,2,2.23606797749979,473.55813252890397,0.7246378771657701,625.1338889779242,0.07278778712266143
488,255,4.47213595499958,-2.0344439357957027,-116.56505117707799,-2,4,4.47213595499958,478.03026848390357,0.7314811322641921,630.4257746611077,0.09236075079684536
486,259,4.47213595499958,-2.0344439357957027,-116.56505117707799,-2,4,4.47213595499958,482.50240443890317,0.7383243873626141,634.9996959210087,0.07982991828273543
486,263,4.0,-1.5707963267948966,-90.0,0,4,4.0,486.50240443890317,0.7444451807975915,634.9996959210087,0.0
486,269,6.0,-1.5707963267948966,-90.0,0,6,6.0,492.50240443890317,0.7536263709500576,634.9996959210087,0.0
486,274,5.0,-1.5707963267948966,-90.0,0,5,5.0,497.50240443890317,0.7612773627437793,637.6022581235084,0.045423241054172614
486,280,6.0,-1.5707963267948966,-90.0,0,6,6.0,503.50240443890317,0.7704585528962455,640.1941248287434,0.045236569569440485
486,285,5.0,-1.5707963267948966,-90.0,0,5,5.0,508.50240443890317,0.7781095446899673,642.431103892181,0.03904261697724988
486,291,6.0,-1.5707963267948966,-90.0,0,6,6.0,514.5024044389031,0.7872907348424333,647.8039619862953,0.09377398477715942
487,296,5.0990195135927845,-1.373400766945016,-78.69006752597979,1,5,5.0990195135927845,519.6014239524959,0.7950932461333384,647.264469648901,-0.00941590962352595
488,302,6.082762530298219,-1.4056476493802699,-80.53767779197439,1,6,6.082762530298219,525.6841864827941,0.8044010793738323,649.6205699096403,0.041121672322976845
489,308,6.082762530298219,-1.4056476493802699,-80.53767779197439,1,6,6.082762530298219,531.7669490130922,0.8137089126143262,651.9272089851556,0.04025841251804617
491,313,5.385164807134504,-1.1902899496825317,-68.19859051364818,2,5,5.385164807134504,537.1521138202268,0.8219492829637713,654.9828024429086,0.053330121394122444
492,319,6.082762530298219,-1.4056476493802699,-80.53767779197439,1,6,6.082762530298219,543.2348763505249,0.8312571162042652,659.4436507014251,0.07785642378040533
494,325,6.324555320336759,-1.2490457723982544,-71.56505117707799,2,6,6.324555320336759,549.5594316708617,0.8409349403752325,667.4708882118571,0.14010160605776656
496,331,6.324555320336759,-1.2490457723982544,-71.56505117707799,2,6,6.324555320336759,555.8839869911985,0.8506127645461997,671.8695935668526,0.07677182642333531
499,335,5.0,-0.9272952180016122,-53.13010235415598,3,4,5.0,560.8839869911985,0.8582637563399215,676.1856210867181,0.07532882720074661
502,341,6.708203932499369,-1.1071487177940904,-63.43494882292201,3,6,6.708203932499369,567.5921909236979,0.8685286389875545,679.9996959210087,0.06656810754810423
508,347,8.48528137423857,-0.7853981633974483,-45.0,6,6,8.48528137423857,576.0774722979364,0.8815128026198983,687.6957476430251,0.13432132849649858
520,359,16.97056274847714,-0.7853981633974483,-45.0,12,12,16.97056274847714,593.0480350464136,0.9074811298845861,703.9621848955867,0.2839026478237493
520,359,0.0,0.0,0.0,0,0,0.0,593.0480350464136,0.9074811298845861,703.9621848955867,0.0
529,363,9.848857801796104,-0.4182243295792291,-23.962488974578186,9,4,9.848857801796104,602.8968928482097,0.9225518359284012,705.0165893991086,0.01840281469010823
537,367,8.94427190999916,-0.4636476090008061,-26.56505117707799,8,4,8.94427190999916,611.841164758209,0.9362383461252451,708.300451687015,0.0573141606947983
546,369,9.219544457292887,-0.21866894587394195,-12.528807709151511,9,2,9.219544457292887,621.0607092155018,0.9503460779221652,711.6071981672575,0.057713564860361465
551,371,5.385164807134504,-0.3805063771123649,-21.80140948635181,5,2,5.385164807134504,626.4458740226363,0.9585864482716103,716.4689303110604,0.084853161586943
557,373,6.324555320336759,-0.3217505543966422,-18.43494882292201,6,2,6.324555320336759,632.7704293429731,0.9682642724425776,742.5288077091515,0.45483027908371654
563,374,6.082762530298219,-0.16514867741462683,-9.462322208025617,6,1,6.082762530298219,638.8531918732713,0.9775721056830715,752.6198649480405,0.17612202506178484
567,374,4.0,0.0,0.0,4,0,4.0,642.8531918732713,0.9836928991180489,762.0053832080835,0.16380805728093606
569,374,2.0,0.0,0.0,2,0,2.0,644.8531918732713,0.9867532958355376,769.8055710922652,0.13613884586147984
570,374,1.0,0.0,0.0,1,0,1.0,645.8531918732713,0.988283494194282,775.0,0.09065981062361508
571,374,1.0,0.0,0.0,1,0,1.0,646.8531918732713,0.9898136925530263,781.3401917459099,0.1106571277057397
571,373,1.0,1.5707963267948966,90.0,0,-1,1.0,647.8531918732713,0.9913438909117707,775.0,-0.1106571277057397
572,372,1.4142135623730951,0.7853981633974483,45.0,1,-1,1.4142135623730951,649.2674054356444,0.993507918183828,775.0,0.0
573,371,1.4142135623730951,0.7853981633974483,45.0,1,-1,1.4142135623730951,650.6816189980175,0.9956719454558853,775.0,0.0
574,370,1.4142135623730951,0.7853981633974483,45.0,1,-1,1.4142135623730951,652.0958325603906,0.9978359727279427,775.0,0.0
575,369,1.4142135623730951,0.7853981633974483,45.0,1,-1,1.4142135623730951,653.5100461227637,1.0,730.0,-0.7853975
